11623151	165
11623183	214.2
12058339	214.2
12078318	214.2
12078369	214.2
12087702	217.3
12087864	192.6
12087958	225
12087959	225
12087960	225
12088014	192.6
12088084	192.6
12088597	217.3
12088651	217.3
12096368	225
12096369	225
12096450	225
12118243	201.6
12119216	192.6
12119220	192.6
12119221	192.6
12178032	225
12178546	154.5
12191296	225.7
12192440	225.7
12194054	148.6
12194055	227.4
12194056	225.7
12194583	227.4
12194584	227.4
12196341	195
12196342	195
12199217	195.6
12210720	155.3
12220214	177.6
11000942	135.2
11000943	135.2
11000944	135.2
11000946	98.8
11001057	123
11004574	127.6
11004647	132.2
11623193	216.5
12042174	225.9
12049075	216.5
12049076	220.7
12050008	225.9
12051085	108.5
12051087	108.5
12051682	108.5
12059063	222
12060505	216.5
12060506	220.7
12060507	225.9
12060508	228
12060509	228.2
12087700	216.5
12110569	229
12113452	228.2
12115742	226.4
12116259	212
12116263	229.5
12126685	225.9
12127563	224
12127564	224
12132966	229.5
12132967	212
12135507	217.8
12135508	221.8
12135509	222.1
12135586	128.2
12136844	217.8
12136930	217.8
12136932	222.1
12136933	222.1
12136935	217.8
12137699	201.2
12137730	212
12137731	229.5
12138020	222
12138411	216.5
12138412	216.5
12138515	107.4
12138628	217.8
12141385	216.5
12141474	107.4
12141621	212
12142433	221.8
12142478	199.8
12143077	227.4
12143674	107.4
12143675	216.5
12143978	229
12143985	216.5
12148128	222.1
12148138	217.8
12148180	217.8
12148181	217.8
12152091	228.2
12152800	108
12160851	217.8
12160852	221.8
12160853	217.8
12160854	217.8
12160855	217.8
12160856	222.1
12160857	222.1
12160858	217.8
12160859	222.1
12160870	222.1
12160871	221.8
12160872	217.8
12161003	229
12161070	212
12161071	229.5
12161072	222
12161544	212
12162429	213
12165681	222
12166674	108
12176929	174.5
12176978	216.5
12178391	226.4
12178619	154.5
12178640	154.5
12179669	180.4
12189498	164.7
12189937	217.8
12199283	228
12203065	226.9
12204004	228.2
12204005	228
12207443	171.9
12209430	171.9
12209539	217.8
12209590	222.1
12209591	221.8
12215743	228
12215744	228.2
12220428	179.4
12045793	103.4
12089916	103.4
12104122	96.2
12113396	103.9
12113397	103.9
12113593	103.9
12113594	103.9
12115461	105.1
12118063	171
12118064	126
12118065	157.5
12118066	126
12118068	138
12118069	81
12118080	138
12118081	171
12118082	171
12118083	121.5
12118084	81
12118085	81
12118124	171
12118125	185
12118126	91
12118127	91
12119840	183
12119843	168.2
12119844	168.2
12119845	168.2
12120088	103.4
12120090	103.4
12120147	103.4
12120270	103.4
12120271	103.4
12120282	103.4
12120395	103.4
12120397	103.4
12121894	103.9
12122102	103.9
12125184	198
12125185	166.2
12125400	106.8
12125503	103.9
12128828	103.4
12129283	94.5
12129285	94.5
12130878	103.9
12130879	103.9
12134953	220.9
12134954	220.9
12134955	220.9
12136960	103.9
12137861	180.2
12137865	180.2
12137866	180.2
12142315	186.8
12142316	186.8
12142996	103.9
12143041	103.9
12143082	165
12148061	103.4
12148139	186.8
12148140	186.8
12161493	88
12161494	113.5
12161829	127
12167204	115.5
12167209	115.5
12167240	115.5
12167328	105
12167329	107.4
12167411	114
12167412	96
12167413	96
12167414	96
12167614	127
12167616	115.5
12173257	110.2
12173258	112.2
12173721	108
12173722	101
12173723	109
12173724	113
12173725	91.8
12173726	102.9
12173727	105.4
12173728	115.5
12173730	115.5
12173732	111
12173830	120
12177730	215
12177782	215
12180464	215
12181736	103.4
12181737	103.4
12186417	103.4
12186859	113
12188744	96.2
12188749	96.2
12194430	215
12194431	215
12196108	108
12196109	108
12196110	108
12196111	114
12214190	103.4
12214191	103.4
12215787	215
12216079	215
12216120	215
12216121	215
12216122	215
12216123	215
12218606	166
5219838	103.4
5219839	103.4
5219842	103.4
5219849	103.4
5219918	103.4
11624015	152
11624016	156.6
11624020	163.5
12037315	164
12037316	154
12037317	157
12038267	164
12038964	167.1
12044479	156.6
12044480	152
12044481	163.5
12087141	158.4
12103420	163.5
12115858	167
12115958	164
12123892	184.8
12134417	163.5
12134489	168.8
12134570	170
12144519	168.6
12161655	154
12178197	164
12178198	154
12178449	130
12178622	162
12178697	162
12182539	168.6
12184103	196.9
12191297	186
12191298	189.9
12191299	195.9
12191300	164
12191310	187.1
12191311	162
12191312	168.6
12191313	168.6
12191314	170
12191315	168.8
12193167	219.2
12195136	168.6
12199912	178.7
12200685	170.7
12201920	219.2
12211059	160.2
12211070	199.3
12211666	178.7
12217875	163.5
12217985	176.8
12217986	175.4
12218127	158.4
12218504	174.3
12218579	168.6
102400191	45
102534265	0
11000945	135.2
411247	218
411254	137.4
413112	94
414259	135.6
5217376	102
5217377	102
11623107	205.8
11623130	222.4
12024457	226.4
12024464	224
12024467	203.7
12026098	229.5
12026242	223.8
12027086	212
12027183	224
12027184	226.4
12027185	203.7
12030105	222.9
12030222	222.4
12030223	221.7
12030803	221.7
12030804	222.9
12031212	222.4
12035427	229.5
12035537	212
12045380	225
12045381	224
12045532	224
12051505	225
12088825	224
12141432	228.2
12143886	229
12152422	229
12154231	224
12154306	226.4
12154307	203.7
12154340	224
12155434	199.8
12170238	183.6
12175309	120
12175791	222.4
12175792	222.9
12177693	222.9
12177694	222.4
12189510	222.4
12190917	202.2
12190918	202.2
12199282	228
12199897	226.4
12204375	167.5
12208054	178.8
12209197	172.6
12209431	172.3
12217400	173.1
12217955	228
12218072	229
12218811	173.4
413105	120.6
413113	122.4
11270363	212.6
11270510	211
11629023	213
11629120	240
11629121	213
11629122	213
11629134	213
11629259	213
11629342	240
12021320	213
12022557	212.6
12025943	215
12028882	240
12033314	213
12033315	213
12033316	215.3
12037384	200.8
12037385	200.8
12047372	213
12055935	212.6
12055936	199
12055937	199
12055938	212.6
12057590	213
12061388	210.3
12075020	213
12076459	213
12079319	213
12080195	221.5
12082465	222
12084089	213
12084100	222
12084489	213
12084500	212.6
12084504	212.6
12084535	213
12084536	221.5
12084538	221.5
12084849	213
12091163	201.4
12091913	210
12100358	213
12100627	212.6
12104446	212.6
12108114	212.6
12108115	212.6
12108135	212.6
12108136	212.6
12109698	231.5
12109714	212.6
12110772	222
12110773	221.5
12110775	213
12110782	213
12110860	221.5
12110892	221.5
12110922	213
12112078	221.5
12114100	215.8
12122123	210
12129963	222
12130211	222
12131410	213
12131411	221.5
12131412	213
12131413	221.5
12131448	221.5
12131449	222
12131501	215.8
12131502	221.5
12131503	221.5
12131505	215.8
12131506	221.5
12131507	221.5
12131508	221.5
12131509	210.7
12131510	221.5
12131733	229.1
12133231	212.6
12133232	212.6
12133852	221.5
12136938	221.5
12137047	221.5
12137049	221.5
12137111	221.5
12137113	221.5
12137117	221.5
12137118	221.5
12137119	221.5
12137135	215.8
12137136	222
12137137	221.5
12137138	221.5
12139497	215.8
12142014	215.8
12142015	215.8
12142016	215.8
12144462	221.5
12156089	221.5
12156116	221.5
12156117	221.5
12156118	221.5
12156119	221.5
12159304	222
12159335	221.5
12163122	221.5
12163131	210.3
12165222	221.5
12165223	221.5
12165244	221.5
12165260	221.5
12165263	221.5
12165265	221.5
12165266	221.5
12165267	221.5
12165268	221.5
12165269	221.5
12165280	221.5
12165281	223.8
12167268	228.3
12167269	221.5
12167279	210.3
12167285	223.8
12168834	215.8
12168835	221.5
12168836	221.5
12168837	221.5
12168838	221.5
12168839	221.5
12170150	213
12175078	221.5
12176054	215.8
12178367	221.5
12179168	228.3
12179169	215.8
12179190	215.8
12183926	221.5
12183927	221.5
12183928	215.3
12183929	210.3
12183930	221.5
12186418	221.5
12186863	215.8
12188167	212.6
12188168	212.6
12190166	229.1
12190167	221.5
12190173	221.5
12190236	221.5
12190237	221.5
12190239	221.5
12192018	221.5
12192019	221.5
12192685	230
12195046	230
12195047	230
12195788	230
12195789	230
12199623	192.6
12199642	213.1
12199677	178.2
12200625	221.5
12201006	221.5
12202537	230
12202538	230
12202594	228.3
12202595	230
12204761	221.5
12204762	221.5
12204763	221.5
12204764	221.5
12204766	221.5
12204767	221.5
12204768	221.5
12204769	221.5
12204790	230
12204791	221.5
12204943	230
12204944	230
12204945	230
12216548	215.8
12217378	230
12219947	224.7
12087403	164.7
11625974	100.5
12047057	100.5
12047122	100.5
12047242	154.8
12104085	169
12104131	169
12040442	97.4
12040443	97.4
12047894	109.8
12094180	160.7
12164576	201.6
12164641	201.6
12164642	201.6
12164643	201.6
12164644	201.6
12164646	201.6
12165142	201.6
12165144	201.6
12165161	201.6
12165682	201.6
12169810	216.6
11625963	168
11625964	162
11625967	162
11625969	162
11625970	162
11625971	168
11892469	102
12035668	162
12035893	168.6
12035894	163.8
12045905	152.5
12045907	159
12045908	141.5
12055398	102
12058526	168
12077081	119.4
12078362	160
12078917	143
12080704	154.8
12080724	167.7
12080726	165.6
12081377	144.4
12096394	165
12096395	163.4
12107945	106
12109552	102
12111958	144.6
12168927	210.2
12170954	207.5
12173407	216.6
12173408	216.6
12175790	208.5
12178419	162.3
12178447	207.5
12178459	210.2
12178460	162.3
12178461	168
12178462	168
12178463	216.6
12178941	212.1
12179195	212.1
12179258	210.2
12188443	220
12188503	220
12188504	205.2
12188505	141.5
12188506	159
12194755	201
12205858	217.3
11333454	109.8
11333455	109.8
11333458	109.8
11333459	114.6
11333460	109.8
11339278	104.2
11339279	114.2
12040442	97.4
12040443	97.4
12047894	109.8
12099019	115
12099135	110.2
12100074	115
12100774	110.2
12100775	110.2
12106584	111.2
12106614	108.6
12106615	111.2
12106627	103.8
12106628	111.2
12106641	103.8
12106643	103.8
12108023	183.7
161352	173.2
162230	173.2
162234	150.6
162436	138
162437	138
162438	138
162439	138
11625883	111
11625884	111
11625891	111
11625892	111
11625897	111.6
11625898	111.6
11625902	111
12017369	114
12017401	114
12017431	114
12035186	143.8
12044641	110
12077190	133
12103829	205.8
12103850	205.8
12103851	205.8
12103852	205.8
12103853	205.8
12104126	205.8
12105809	200
12105818	200
12105830	200
12105841	200
12114294	95
12130064	199
12130123	199
12130124	199
12130126	199
12132906	200
12133004	200
12133005	205.8
12145058	205.8
12145208	195.9
12147651	163.2
12147874	192.2
12147876	192.2
12164504	205.8
12164505	205.8
12164649	114
12164651	114
12164937	114
12165504	114
12166437	163.2
12166448	155.8
12173409	195.9
12179191	187.2
12179192	193.3
12184572	155.8
12192686	193.3
12192687	187.2
12194325	205.8
12194326	195.9
12039858	149
11625568	158.4
11625792	159
11626982	145
12040257	154
12045648	154
12075143	147
12075379	143
12087689	140
12090758	142.4
12101588	154
12103779	147.1
12103827	165.2
12104764	159.6
12108880	148.7
12109559	159.6
12109582	160.8
12113796	149.2
12113822	169.8
12114295	99
12114296	95
12118194	195.9
12129235	148.9
12145054	199
12147778	148.7
12155711	148.9
12155712	149.2
12155745	165.2
12155751	159.6
12177203	196.2
12177413	195.8
12178544	188.7
12179545	169.8
12182590	105.3
12185812	148.9
12185813	154
12185814	158.4
12185815	159.6
12185816	165.2
12185817	149.2
12194327	206.6
12199663	158.4
12209058	206.7
12210736	173.4
12217307	175.6
12219048	195.9
11280001	115.1
11280002	111
11280005	111
11281508	115.1
11281509	111
11281510	111
11625979	98.5
12055187	111
12055188	111
12059609	123.2
12059610	123.2
12059611	115.7
12077664	123.2
12077665	123.2
12080113	111
12095981	123.2
12125365	110
12125535	110
12125594	110
12165500	191.2
12178548	123.2
12181344	205.4
12181345	205.4
12181346	205.4
12181347	205.4
12181348	205.4
12181362	207.2
12181363	205.4
12194287	193
12194288	193
12194289	193
12194290	193
12194303	193
12194469	193.1
12203342	193
12203343	193
12203344	193
12207684	199.5
11625003	159.2
11625004	159.2
11625010	145
11625040	145
11625041	145
11625044	145
11625080	159.2
11625084	145
11625085	145
11625086	145
11625088	145
11625089	145
11625091	145
11625092	145
11625093	145
11625104	145
11625105	159.2
11625107	145
11625108	145
11625393	145
11625437	144
11625439	145
11625466	146
11625469	146
11625479	98
11625484	159.2
11625519	147
11625570	156.4
11625582	155
11625592	156
11625684	145
11625925	146
11625926	146
12018221	146
12018261	146
12027813	145
12027814	145
12027965	145
12028331	145
12028584	98
12029711	159.2
12035166	98
12045529	145
12045545	145
12045546	145
12045620	145
12045640	147.1
12045688	145
12048757	121
12048758	121
12048893	121
12049174	121
12050765	95.8
12050766	98
12050767	98
12058428	145
12062793	121
12072557	145
12074709	145.4
12079577	145
12079578	145
12086882	159.2
12087320	112.8
12087418	145
12087558	145
12087571	145.4
12087572	145.4
12087574	145
12093377	145.4
12098956	145.4
12108577	145.9
12111560	95.8
12117323	95.8
12117324	95.8
12117325	95.8
12126478	145.4
12126630	145.4
12126633	145.4
12143517	145.4
12147583	145.4
12147584	145.4
12160805	145.4
12160806	145.4
12160807	145.4
12160850	145.4
12161150	145.4
12161152	145.4
12161153	145.4
12167222	112.8
12173939	145.4
12178470	145.4
12178471	145.4
12180275	145.4
12180276	145.4
12180277	145.4
12180278	145.4
12188419	145
12188601	145
12199427	147
12199532	145
12205535	197.9
12205536	195.9
12205582	197.9
12206323	145.4
12206324	145.4
12212758	159.2
12212904	195.9
12212974	195.9
12213378	146.5
12213419	146.5
12221585	143
12222252	146.5
12222253	146.5
11625989	102.6
11625991	102.6
12047057	100.5
12047121	155
12047122	100.5
12047242	154.8
12118706	218
12118708	218
11333458	109.8
11625510	98
11625981	98
12025244	98
12025245	98
12048204	145
12074657	145.4
12074658	145.4
12093376	145.4
12108024	115
12108040	115
12108546	187
12108548	115
12108554	183.7
12108561	187
12108563	183.7
12109563	147.8
12147650	114
12151285	165
12151286	165
12176605	145.4
12176606	145.4
12176607	145.4
12176675	145.4
12176676	145.4
11626005	96.6
11626006	96
11626007	103
11626012	171.5
11626013	171.5
11626021	150
11626063	109.5
11626073	164
11626132	109.5
11626177	96
11626183	99
11626239	148.6
11626240	148.6
11626241	103.5
11626273	96
11626282	148.6
11626286	183
11626311	109.5
11626314	99.2
11626321	96
11626322	192
11626323	192
11626324	192
11626325	103.5
11626339	169
11626340	169
11626341	169
11626343	208.6
11626345	109.5
11626346	106.8
11626350	104.6
11626352	99.2
11626754	148.6
11626755	148.6
11626928	169
11626932	98.5
11626933	98.5
11626988	103
11626990	148.6
11626991	148.6
11626993	152
11892024	104.1
11892026	104.1
11892027	104.1
11892718	104.1
11892719	104.1
12012022	111
12012261	111
12016814	109.8
12016815	109.8
12018923	103.5
12018925	103.5
12018927	103.5
12018928	103.5
12018982	104.2
12018984	103.5
12019271	148.6
12019752	148.6
12019753	208.6
12019754	148.6
12021449	169
12021450	169
12021451	169
12021452	169
12021599	142
12021600	148.2
12021601	148.2
12021976	148.6
12024845	183
12024847	183
12025262	103.5
12026645	148.6
12028772	169
12029202	205
12034935	103.5
12034936	103.5
12034937	103.5
12034938	103.5
12038965	103.5
12044313	132
12044483	103.5
12045738	103.5
12046535	103.5
12048109	104.2
12048180	103.5
12048528	169
12048529	169
12052621	103
12052623	148.6
12052625	148.6
12052629	103.5
12052836	151
12056323	103.5
12065370	169
12066533	103.5
12072017	172.2
12072018	172.2
12072019	172.2
12075260	103.5
12076153	115
12078916	149.8
12080770	211
12080854	109.5
12080954	212.5
12080955	212.2
12081002	212.5
12081003	200
12081004	192
12081911	101
12082585	118
12083121	104.2
12083362	104.2
12084406	184.2
12086190	192
12086255	169
12090526	104.2
12091129	149.8
12092820	149.8
12092821	99.7
12092983	99.7
12092984	99.7
12095657	104.2
12099038	191
12099039	191
12100183	142
12104431	212.5
12104539	212.5
12107797	103
12107821	192.2
12108003	104.2
12108407	185.4
12115345	104.2
12116364	184.2
12116935	192.2
12117464	209.4
12117586	209.4
12117587	209.4
12117588	209.4
12117589	209.4
12120046	211
12120375	191
12126883	212.2
12126911	212.2
12127549	189
12127560	104.2
12127562	191
12128306	169
12128307	169
12133585	149.4
12133589	110.1
12133600	96.6
12133602	172.2
12133605	147.8
12133606	147.8
12133607	147.8
12135193	212.2
12135201	119
12141035	118
12144831	101.8
12145009	101.8
12146765	104.2
12146909	149.8
12148300	212.2
12148301	192.2
12151816	162
12152019	212.2
12153592	103
12154580	207.2
12154965	99.2
12155238	212.2
12156271	209.4
12156272	209.4
12156274	209.4
12156276	209.4
12160808	212.2
12161189	172.2
12161200	110.7
12161201	109.5
12161712	99.2
12161714	99.2
12162142	212.2
12163193	172.2
12163194	172.2
12165797	212.2
12166476	209.4
12166887	177.9
12167633	102.5
12167634	102.5
12168780	212.2
12169832	104.2
12170597	209.4
12170598	209.4
12170599	209.4
12175211	208.6
12175212	208.6
12175213	185.4
12175645	205
12177695	97.8
12178124	209.4
12178125	104.2
12182317	191
12182318	104.2
12189579	119.1
12189610	119.1
12189611	102.2
12189612	102.2
12189613	102.2
12189614	102.2
12189938	212.2
12189939	192.2
12189970	212.2
12190304	212.2
12190558	212.2
12191444	155
12191445	155
12193321	102.2
12193322	97.8
12193323	97.8
12193324	97.8
12193325	102.2
12193326	102.2
12193327	177.9
12193328	177.9
12193332	207.2
12195376	119
12195377	177.9
12195402	207.2
12203702	97.8
12208058	212.2
12210966	162
12212460	212.2
12212461	212.2
12212462	212.2
12212468	212.2
12212469	212.2
12217308	208.6
12217309	208.6
12219994	212.2
12220087	212.2
12220088	212.2
12220089	212.2
12220170	212.2
12220203	212.2
12220401	212.2
12220402	212.2
12220464	136.2
169422	115
5421324	193.5
5421709	106.8
12049600	123.5
12089843	113.3
12089853	113.3
12089855	113.3
12089959	113.3
169014	124.8
11626155	169
5421705	122.1
5421707	122.1
5421797	122.1
11626317	103
11626931	98.5
12019270	148.6
12022032	169
11626931	98.5
12022032	169
12192885	104.2
12042756	211.2
12097885	211.2
12069522	105
12069523	174.9
12069524	101.2
12060382	195
12061381	211.2
12062962	211.2
12063093	211.2
12080952	211.2
12081438	211.2
12081512	211.2
12083122	211.2
12095468	211.2
12095469	211.2
12095490	211.2
12095492	211.2
12095493	211.2
12095495	211.2
12095496	211.2
12095497	211.2
12095498	211.2
12096239	211.2
12097883	211.2
12097884	211.2
12097958	211.2
12097967	211.2
12132243	220.5
12149642	211.2
12150153	211.2
12159397	211.2
12159550	211.2
12159672	211.2
12159673	211.2
12159674	211.2
12159675	211.2
12159676	211.2
12159677	211.2
12159678	211.2
12166821	211.2
12166823	220.5
12167174	211.2
12167175	211.2
12167200	211.2
12177834	211.2
12187351	211.2
12187352	211.2
12187353	211.2
12192888	211.2
12204223	211.2
12211548	211.2
12211783	201.9
12211784	201.9
12211884	201.9
421813	124.8
421818	124.8
421820	124.8
11800941	90
12001522	110
12030971	125.8
12108626	106.5
12122292	109
12124356	115.4
12167367	96
12167368	96
12167400	96
12167403	96
12169353	96
12189602	109
1701109	109
1723351	135
1723370	135
503212	125
5238900	104
12176531	101.5
1652259	105
12165734	134.5
12165739	134.5
12165800	134.5
102340822	0
102340864	0
12004517	174.5
12004518	174.5
12004547	174.5
12004548	174.5
12004549	174.5
12004552	174.5
12004553	174.5
12004555	174.5
12004556	174.5
12004562	174.5
12004563	174.5
12004566	174.5
12004577	174.5
12004580	174.5
12004590	174.5
12004603	174.5
12004676	174.5
12004759	174.5
12005350	174.5
12012600	174.5
12012731	174.5
12012732	174.5
12012733	174.5
12013495	174.5
12098066	201.3
12098110	201.3
12098424	201.3
12141338	201.3
12141353	201.3
12145403	174.6
12145409	174.6
12145429	174.6
12145440	174.6
12145441	174.6
12145442	174.6
12145443	174.6
12146407	174.6
12146408	174.6
12150159	201.3
12164938	195
12187983	176
12212768	210
3400529	174.6
3400534	174.6
3400536	174.6
3400537	174.6
3403354	174.6
3403355	174.6
3403387	174.6
3403395	174.6
3405031	174.6
3439407	174.6
3439408	174.6
3439410	174.6
3439419	174.6
3460685	183
12002164	169
12004600	166.2
12004602	166.2
12029907	180
12029909	180
12047829	177.9
12107881	197.5
12107960	197.5
12145175	175.8
12145286	175.8
12145287	175.8
12145288	175.8
12145289	175.8
12145320	175.8
12145322	175.8
12145404	183
12145405	183
12145407	183
12145408	175.8
12145410	175.8
12145411	183
12206861	183
12206862	183
12206863	186
12206869	195
12206920	141
12206921	191
12206922	175
12206923	176
12207016	135
12207017	141
12207018	143
12207246	191
12207273	195
12207274	186
12207275	199
12207276	176
12207277	177
12207278	186
12207301	183
12207302	191
12207303	171
12207304	176
12207305	183
12207306	183
12207307	183
12207308	175
12207309	186
12207330	183
12207331	183
12207332	190
12207333	231
12207470	191
12207471	183
12215088	175.8
12215089	175.8
12215260	183
670003	175
670004	175
673731	183
673791	176.7
679321	185.4
679331	185.4
679421	186
679431	186
679501	186
681247	185
681358	186
685785	176.7
686317	185
12056021	152.9
12086495	183.3
12087542	183.3
12087543	183.3
12087754	183.3
12088003	183.3
12088714	152.9
12089110	188.8
12089120	188.8
12089121	188.8
12099047	191.4
12099209	183.3
12099237	190.2
12116477	164.6
12116621	165
12116633	183.3
12116641	183.3
12116644	202
12116645	202
12116647	192.3
12126157	192.3
12126231	202
12126244	201
12126258	202
12126331	190.8
12126390	202
12126399	192.3
12141339	202
12141431	192.3
12144726	202
12150190	183.3
12150191	183.3
12156327	171.8
12161314	202
12164506	165
12164575	202
12176361	202
12176600	163
12177479	202
12177500	201
12177501	202
12177502	202
12177504	202
12177505	202
12181597	190.2
12181612	202
12181738	202
12181739	202
12187639	202
12204301	171.8
12204325	171.8
12204326	177.4
12209513	202
12209514	202
12209535	190.2
1500247	100
3403878	181
3404694	181.5
3404697	181
101725036	0
101725038	0
101725041	0
102340846	0
102342398	0
11275707	113
11275708	113
11276088	113
11276348	113
12001878	174.8
12012304	173.6
12012306	173.6
12012307	173.6
12012309	173.6
12012310	173.6
12012311	173.6
12012312	173.6
12012316	173.6
12012318	173.6
12012322	173.6
12012604	178.8
12012605	178.8
12012607	178.8
12012737	178.8
12076971	186.6
12076988	186.6
12076989	186.6
12076990	186.6
12077075	158
12089351	186.6
12089406	186.6
12099064	186.6
12099065	186.6
12099236	186.6
12112459	186.6
12126233	197
12126234	191
12126241	197
12126256	197
12133230	186.6
12141351	186.6
12141352	186.6
12141354	184.6
12181595	197
12181599	186.6
12181610	186.6
12181611	184.6
12202596	201.4
12202597	201.4
12202598	201.4
12202599	201.4
12202670	201.4
12209516	199
12209517	199
12209518	199
12209519	199
12209530	199
12209531	199
12209532	186.6
12209594	186.6
12215092	186.6
12215094	186.6
12215095	201.4
12215096	201.4
12215261	186.6
3401595	181
3498153	169.8
487128	173.4
487138	173.4
676591	178.2
11629014	166.2
12002678	166.2
12002689	166.2
12057925	162
12064359	91
12068326	129
12068327	129
12070521	104.7
12073343	166.2
12099261	89
12114003	111.8
12118324	107
12118325	107
12118331	107
12129959	123
12130020	125
12133055	156.9
12133103	156.9
12134710	118.2
12134789	129
12138969	163.8
12138998	163.8
12139185	118.2
12162984	129
12162986	129
12169013	163.8
12172355	163.8
12172361	163.8
12172379	163.8
12191030	117.9
12191033	117.9
12191035	117.9
12192505	159
12196285	166.2
12199331	117.9
12199785	166.2
12209307	91.2
140447	104.7
142174	90.6
1609189	125
1609191	125
430886	166.2
12066880	111.4
12066881	111.4
12077812	111.4
12088177	111.4
12088180	111.4
12089161	95
12098409	115
12098414	115
12098416	115
12098449	115
12098450	115
12109319	111.4
12109341	212
12109704	212
12109706	212
12109707	212
12109708	212
12109709	212
12109715	212
12109717	212
12109732	212
12109733	212
12109734	212
12109735	212
12109741	212
12109743	212
12109745	212
12109746	212
12109750	212
12110134	212
12116441	212
12138674	212
12138675	212
12147634	212
12150571	212
12150572	212
12150573	212
12156533	115
12156535	115
12156536	115
12159900	95
12173884	115
12173885	115
12175644	212
12179472	212
12179473	212
12187705	212
12187706	212
12195291	213
12195292	213
12195293	213
12195966	230
12195967	230
12195968	230
12196295	230
12196296	230
12196297	230
12196298	230
12196300	230
12196301	230
12196302	230
12196303	230
12196304	230
12196305	230
12196306	230
12196307	230
12196308	230
12196309	230
12196310	230
12196311	230
12196312	230
12196318	230
12196319	230
12196380	230
12203950	212
12203951	212
12203952	212
12203953	212
12207078	230
12214070	212
12214071	212
12214072	212
12214073	212
12214074	212
12214075	212
12214076	212
12214077	212
12214078	212
12214125	212
12214126	212
12214127	212
12214128	212
12214129	212
12214170	212
12214174	212
12214175	212
12214176	212
12214177	212
12214178	212
12214179	212
12214192	212
12214220	212
12214221	212
12214222	212
12214223	212
12214224	212
12214225	212
12214226	212
12214227	212
12214228	212
12214229	212
12214230	212
12214231	212
12214232	212
12214233	212
12214234	212
12214235	212
12214236	212
12214237	212
12217401	212
428513	121.8
12019574	101.4
12019575	101.4
12031316	203.1
12042718	104
12049120	117.6
12050650	118.2
12050651	115.8
12051078	101.4
12054500	118.2
12054503	118.2
12055535	115.8
12055553	115.8
12059322	101.4
12059412	101.4
12070854	191.5
12071296	168.3
12076245	95.4
12076286	95.4
12076299	98.6
12079024	188
12082869	97.8
12082896	97.8
12087323	94.6
12087482	95.4
12093172	168.3
12094263	117.3
12099521	118.2
12099619	118.2
12099641	188
12099941	114.5
12103249	117.9
12103290	117.9
12106127	98.6
12107827	118.2
12107952	101.4
12110447	117.9
12112196	117.9
12112204	117.9
12121885	101.4
12122804	118.2
12123228	168.3
12125737	118.2
12125739	118.8
12126148	118.2
12126230	118.2
12135257	118.8
12137704	105
12137916	105
12137963	105
12138009	105
12139533	104.7
12140805	95.4
12142078	114.5
12157608	117.9
12157616	117.6
12157635	117.6
12161569	117.6
12162205	98.6
12162206	98.6
12162299	117.9
12164091	117.9
12175503	95.4
12175504	95.4
12177226	104.7
12178073	125.1
12178432	94.6
12178492	94.6
12178493	94.6
12178497	94.6
12180738	109.5
12186421	95.4
12186424	95.4
12187898	114.5
12191659	204.9
12192601	119.8
12203839	116
12203850	116
12204684	121.8
12204685	121.8
12207823	98.2
12207824	98.2
12210805	204.9
12210806	204.9
12211264	211.2
12211885	211.2
12211886	211.2
12216591	226.8
12216592	223.7
140674	117.6
142093	168.3
421934	119.8
11275024	105
11275025	105
12010347	112.5
12064696	131
12064697	131
12064698	131
12064699	131
12064710	131
12064711	131
12064712	131
12064714	131
12064715	138
12064716	138
12064906	131
12064907	138
12064950	138
12064951	138
12064953	138
12076344	138
12080330	138
12080331	138
12080332	138
12080333	138
12081427	87.1
12081473	138
12081519	87.1
12081536	87.1
12081540	87.1
12081674	87.1
12082063	87.1
12101485	141.5
12101638	131
12101639	131
12101665	131
12101666	131
12101669	141.5
12101673	131
12101674	131
12101675	131
12101676	131
12101677	141.5
12101678	131
12101679	141.5
12101680	131
12101681	141.5
12101682	141.5
12101683	141.5
12101684	141.5
12101685	141.5
12101691	141.5
12101692	141.5
12101693	141.5
12101694	141.5
12101695	141.5
12101696	141.5
12101697	141.5
12101699	141.5
12102577	131
12106476	141.5
12106477	131
12106478	131
12106524	131
12106616	141.5
12106636	136.4
12106669	136.4
12106678	141.5
12106707	136.4
12106711	136.4
12108381	102
12108382	105
12108682	141.5
12108685	141.5
12108686	141.5
12108995	102
12109004	102
12109015	102
12109016	102
12109020	102
12113155	104.6
12113161	104.6
12113333	104.6
12113342	104.6
12114940	131
12116599	102
12116617	102
12116618	102
12116619	102
12116726	102
12116859	73.5
12117044	73.5
12117045	73.5
12118314	73.5
12118315	73.5
12127663	112.5
12128002	105
12128003	105
12129127	133
12129128	133
12129129	133
12129170	133
12129171	133
12129172	133
12130169	105
12130204	105
12130205	102
12130206	102
12130207	102
12130209	102
12130297	105
12130298	102
12130299	105
12130333	105
12131164	104.6
12131165	104.6
12131195	104.6
12131196	104.6
12132046	112.5
12132047	112.5
12132172	105
12132173	105
12132232	105
12132262	112.5
12141809	133
12141840	133
12141841	133
12141842	133
12141843	133
12141844	133
12142733	100
12142899	100
12142940	100
12142941	100
12142942	100
12142943	100
12152301	102
12152306	102
12152308	105
12152309	105
12152310	105
12152311	102
12152312	102
12152313	102
12152314	102
12152316	102
12152317	102
12152318	102
12152319	102
12152330	102
12152331	102
12152332	105
12152372	105
12157385	141.5
12166434	141.5
12166435	141.5
12166436	141.5
12172196	105
12172329	104.6
12172420	104.6
12176326	100
12176327	100
12176328	100
12176329	100
12176330	100
12176331	100
12180544	104.1
12180735	101.1
12180736	101.1
12185405	104.1
12185406	104.1
12185465	123.3
12185466	123.3
12185467	123.3
12188709	126
12188720	126
12188721	126
12188770	126
12195855	104.6
12195856	104.6
12195857	104.6
12199096	125
12205915	105
12210211	104.6
12215751	142.5
12215752	142.5
12215753	142.5
12215754	142.5
12216629	105
12218770	73.5
12218771	73.5
12218772	73.5
9600000	131
9600001	131
9600002	131
9600004	131
9600005	131
9600006	131
9600007	131
9600008	131
9600009	131
9600010	131
9600011	138
9600012	138
9600013	138
9600014	138
9600015	138
9600016	138
9600017	138
9600018	138
9600019	138
9600020	138
9600021	138
9600022	138
9600023	138
9600025	138
9600026	138
9600027	138
9600028	138
9600029	126
9600030	126
9600031	126
9600032	126
9600033	126
9600034	126
9600035	126
9600040	89
9600041	87.1
9600042	87.1
9600043	87.1
9600048	126
9600110	126
9600128	138
9602928	87.1
9602929	89
9602930	87.1
9602931	89
12058495	115.8
12058496	115.8
12058498	115.8
12086003	115.8
12086099	115.8
12086101	115.8
12107459	115.8
12107490	115.8
12175700	105.4
12175705	105.4
12188681	104
12191149	104
12195735	104
11241195	106
12058493	115.8
12066534	111.4
12066535	111.4
12066537	111.4
12066538	111.4
12066876	111.4
12066877	111.4
12066878	111.4
12066879	111.4
12061131	115
12061231	115
12066539	111.4
12066624	115
12066627	115
12066870	111.4
12066871	111.4
12066872	111.4
12066874	111.4
12066875	111.4
12072412	115
12092704	93
12138676	212
12172451	212
420614	168.6
421579	168.6
429864	168.6
429866	168.6
429867	168.6
429943	168.6
429944	168.6
140680	192
407029	106
11275004	105
11275006	105
11275013	105
11275015	105
11275016	105
11275017	105
11275018	105
11275019	105
11275020	105
11275021	105
11275080	105
11275083	105
11275918	105
11843290	108
11890849	108
11890850	108
11890851	108
11890852	108
11890853	108
11890854	108
11890855	108
11890856	108
11890859	108
11890860	108
11890861	108
11890862	108
12010297	112.5
12010299	112.5
12010344	105
12010595	105
12010733	112.5
12014054	112.5
12014055	112.5
12014056	112.5
12030297	104.6
12030451	104.6
12030452	104.6
12030453	104.6
12036853	104
12047384	105
12048136	105
12048137	105
12091673	105
12108681	141.5
421789	117.1
11842111	115
11842121	115
11842131	115
11842178	115
11890863	115
11890865	115
12010298	89
12010590	89
12010591	89
12010592	89
11890864	115
11275009	105
11275011	105
11275022	105
11275023	105
11275026	105
11842424	108
11842464	108
11890857	108
11890858	108
12010594	105
12014010	105
12014053	105
12014774	100
12014775	100
12014776	100
12036766	104
12036858	104
12047547	133
12047548	127.7
12047549	133
12081641	112.5
428130	133
428133	133
428138	133
12159331	115.8
12159332	115.8
12015873	97.2
12041374	105
12070627	103
12080423	131
12117602	167.1
12140541	105
12145112	106.5
12148727	105
12163148	101.5
12163202	115.3
12176534	115.3
12179345	97.5
12181630	130
12185117	107.4
12188162	109
12189560	105
12189767	109
12189854	105
12199212	115.3
12219615	112.6
12219652	112.6
12219803	90
12219804	90
1640683	105
1652602	109
1654526	105
1656248	105
1658092	110
1701100	106.5
1703941	136
1723340	128
1723353	135
430986	97.5
436984	91.8
436991	91.8
12073119	105
12122390	113.8
12136202	109.7
12162251	109
12175478	113.4
12185218	109
12216423	97.5
1701280	109
1701284	109
11623339	217
11623340	223
12079643	149.6
12107203	108.8
12117602	167.1
12137698	204.7
12140765	108.8
12146905	204.7
12163148	101.5
12163202	115.3
12166796	172.8
12167366	96
12167369	96
12167401	96
12167402	96
12167404	96
12176534	115.3
12205074	173.8
12211819	108.8
12214322	204.7
12180326	167.1
12189528	105
12189529	105
12204949	105
1656234	105
1723352	135
1723371	135
11800310	103
427560	106.5
427562	106.5
430994	121
11626043	130
11626083	130
11626084	130
11626085	130
11626092	105
11626122	130
12025675	180.9
12026059	180.9
12039186	130
12075776	130
12180977	99
12114725	105
11625459	165
11620001	115
11629143	120
12065368	227
12149309	221.4
12149461	207.8
12153053	192
12153466	190
12153467	196
12190415	225
12195872	187.5
12195873	167.9
12204586	140
12216969	229.5
12220215	194.7
12220216	199.5
11800242	105
11800264	103
11800266	105
11800300	103
11800306	103
11800307	103
11800310	103
11807183	89.4
11807193	89.4
11807218	89.4
11894007	100
11894008	100
11894009	100
12028450	111.9
12028694	119.5
12040282	121.4
12040438	116
12058742	121.4
12077636	121.4
12097938	106.5
12097948	106.5
12116887	105
140516	106
1640484	101.9
1651250	107.5
1651251	107.5
1651254	107.5
1652291	107.5
1652294	107.5
1660423	101.9
1660443	106.9
1660447	106.9
1660658	106.9
1662032	121.4
1662219	107.5
1662681	107.5
1662697	121.4
1662703	107.5
1662707	121.4
1662711	107.5
1662712	121.4
1662716	121.4
1662846	121.4
1662866	107.5
1662878	107.5
1665998	118
420904	106.5
420905	106.5
427561	106.5
431006	121
431007	119
431008	121
432337	119
432345	121
432351	119
432379	121
432386	121
502548	107.8
12098068	242.5
12105696	206.5
12125736	202.5
12148673	220
12148684	198.5
12162880	165
12162882	122.2
12166478	88.5
12185866	196.8
12186075	210.6
12186076	210.6
12186367	229
12186368	229
12211313	225
11625459	165
12031238	130
101836225	0
102101656	147
102104739	0
102109018	0
102129002	0
102130138	140
102202414	0
102258553	0
102304854	0
102304855	0
102304859	0
102309560	0
102311224	0
102311235	0
102311242	0
102311247	0
102311260	0
102311267	0
102331565	0
102331670	0
102332246	0
102332252	0
102332254	0
102332293	0
102332294	0
102332344	0
102332510	0
102332515	0
102332517	0
102332518	0
102332519	0
102332572	0
102332576	0
102332578	0
102332590	0
102332594	0
102332599	0
102332603	0
102332607	0
102332609	0
102332621	0
102332625	0
102332653	0
102333271	0
102333273	0
102333275	0
102333354	0
102333358	0
102333359	0
102333366	0
102334388	0
102339236	0
102339262	0
102339966	0
102342323	0
102343484	0
102384667	0
102387479	0
102387570	0
102387573	0
102387596	0
102400891	0
102445764	0
102446339	0
102448173	0
102452183	0
102459444	0
102468456	0
102494057	0
102497202	0
102497232	0
102512829	0
102513070	0
102513310	0
102522067	0
102522209	0
102525145	0
102525747	0
102526287	0
102526300	0
102529005	0
102529008	0
102532978	0
102533037	0
102535278	0
102535532	0
102536208	0
102548556	0
102552392	0
102554929	0
102601635	0
102601680	0
102603926	0
102613956	0
102617115	0
102618351	0
102619754	0
102619757	0
102619800	0
102621419	0
102621469	0
102621474	0
102621521	0
102621541	0
102621543	0
102621547	0
102626054	137.5
102626164	0
102626183	0
102626257	0
102626346	0
102626371	0
102626390	0
102626423	0
102632209	0
102632263	0
102632281	0
102632311	0
102632336	0
102632339	0
102632873	0
102633629	0
102634458	0
102637074	0
102639628	0
102639687	0
102639700	0
102639701	150
102654185	0
102660925	0
102660935	0
102660962	0
102661078	0
102661095	0
102664779	0
102666512	0
102686739	0
102686746	0
102688976	0
102689001	0
102689019	0
102697408	0
102719748	0
102719779	0
102720394	0
102723999	0
102746630	0
102746814	0
102747079	0
102747225	0
102748449	0
102748729	0
102748755	0
102763460	0
102766992	0
102767203	0
102768066	0
102768091	0
102768165	0
102768260	0
102768752	0
102769191	0
102769193	0
102770018	0
102770029	0
102773962	0
102773989	0
102774010	0
102779630	0
102779635	0
102779638	0
102781482	0
102781483	0
102781484	0
102781485	0
102786896	0
102786946	0
102787000	0
102788567	0
102789293	0
102789310	0
102789357	0
102802242	0
102802354	0
102805461	0
102814105	0
102814443	0
102814481	0
102819095	0
102819203	0
102823360	0
102823394	0
102831349	0
102831388	0
102833613	150
102833713	150
102833717	166
102834170	0
102834174	0
102840042	0
102840174	0
102840179	0
102847698	0
102849123	0
102849127	0
102849162	0
102861471	0
102861501	0
102862984	0
102862985	0
102862995	0
102863040	0
102867071	0
102867159	0
102867173	0
102867176	0
102870530	0
102872062	0
102874227	0
102875512	0
102875515	0
102896589	0
102907356	0
102907584	0
102907594	0
102907645	0
102915347	0
102919614	0
102919676	0
102919691	0
102919740	0
102923213	0
102937633	0
102937635	0
102941058	0
102941088	0
102941094	0
102941140	0
102088094	0
102113121	0
102117194	0
102135972	0
102144775	0
102187526	0
102218277	0
102240246	0
102260766	0
102270300	0
102400535	0
102459375	0
102522393	0
102522397	0
102522399	0
102522423	0
102522740	0
102522746	0
102522749	0
102522780	0
102522788	0
102532934	0
102537537	0
102551677	0
102551740	0
102551742	0
102551743	0
102551744	0
102555588	0
102603961	0
102630064	0
102630083	0
102630085	0
102630330	0
102654724	0
102654995	0
102656326	0
102656327	0
102662197	0
102670311	0
102708912	0
102800825	0
102801624	0
102830409	0
102830465	0
102835318	0
102835450	0
102841894	0
102848675	0
102861457	150
102868935	0
102868938	140
102869354	150
102307369	0
102379540	0
102672001	0
102918848	0
102552558	0
102602429	0
102732520	0
102833763	0
102839075	0
102906137	0
102071749	0
102087227	22
102111510	0
102128963	0
102135666	0
102150514	0
102255213	0
102307347	0
102311271	45
102393998	0
102394129	0
102396436	0
102417856	0
102452275	0
102452277	0
102452278	0
102470615	0
102475707	0
102493099	0
102493823	0
102493961	0
102534265	0
102549409	0
102567670	0
102582620	0
102582753	0
102597417	0
102597441	0
102602478	0
102660765	0
102662043	0
102666818	0
102667407	0
102686780	0
102730289	0
102730996	0
102730997	0
102730998	0
102730999	0
102731050	0
102761031	0
102767135	0
102771593	150
102780267	0
102781378	1500
102788941	0
102789708	0
102789750	0
102789755	0
102794459	0
102798905	0
102799077	0
102800977	150
102806590	0
102806597	0
102814852	0
102817388	0
102820154	0
102821185	0
102821903	0
102822088	0
102824102	0
102824124	0
102824160	0
102824167	0
102829040	0
102830164	0
102830172	0
102830176	0
102832563	0
102833111	0
102834337	0
102834399	0
102835199	0
102835215	0
102835545	0
102835818	0
102847467	0
102847468	0
102847492	0
102847813	0
102849086	0
102865367	0
102865720	0
102872641	0
102909189	0
102909201	0
102917900	0
102920132	0
102922344	0
102922947	0
102923481	0
102923522	0
102923523	0
102923524	0
102936653	0
102938105	0
102941613	0
102941616	0
102186984	0
102189298	0
102190674	0
102194526	0
102198443	0
102307045	0
102307080	0
102344865	0
102344867	0
102344869	0
102344883	0
102344887	0
102344900	0
102344901	0
102419919	0
102422142	0
102459202	0
102509223	0
102672086	0
102709456	0
102709489	0
102719131	0
102764417	0
102765667	0
102766394	0
102766433	0
102766435	0
102796101	0
102805447	0
102837576	0
102837577	0
102837593	0
102841950	0
102854442	0
102865687	0
102865729	0
102865794	0
102871933	0
102877612	0
102882727	0
102908190	0
102924469	0
102475845	200
102544922	0
102544947	0
102619078	220
102619088	198.5
102626361	0
102626557	145.5
102628527	0
102629321	0
102629324	0
102629342	0
12163147	103.5
102127528	0
102130788	0
102251855	0
102267015	0
102276636	0
102306793	0
102343312	0
102346825	0
102419631	0
102419632	0
102455689	0
102465202	0
102497100	0
102519293	0
102545989	0
102552523	0
102552547	0
102567410	0
102586410	0
102625419	0
102625505	0
102625510	0
102625521	0
102625543	0
102630178	0
102630295	0
102632885	0
102633921	0
102634688	0
102638768	0
102651682	0
102651822	0
102651826	0
102651877	0
102660763	0
102660778	0
102660779	0
102660792	0
102660801	0
102665576	0
102667396	0
102673228	0
102673280	0
102673351	0
102673353	0
102673397	0
102676289	0
102676750	0
102686778	0
102686779	0
102686789	0
102686807	0
102687817	0
102687818	0
102689928	0
102690092	0
102694822	0
102696523	0
102696540	0
102696546	0
102696552	0
102698370	0
102698374	0
102698384	0
102698406	0
102698414	0
102699546	0
102699564	0
102699566	0
102699569	0
102701169	0
102706018	0
102706085	0
102707105	0
102707755	0
102713627	0
102713670	0
102713685	0
102713719	0
102713766	0
102714923	0
102714925	0
102714961	0
102714977	0
102714994	0
102715010	0
102715617	0
102715633	0
102717236	0
102717242	0
102717243	0
102717257	0
102717261	0
102718449	0
102718984	0
102727326	0
102731972	0
102731992	0
102737063	0
102737305	0
102761767	0
102764390	0
102764391	0
102764393	0
102764628	0
102764680	0
102764691	0
102764695	0
102764718	0
102764755	0
102767049	0
102767113	0
102768078	0
102769589	0
102769691	0
102769694	0
102770453	0
102770465	0
102770478	0
102770502	0
102770540	0
102770567	0
102772172	0
102773398	0
102775941	0
102783774	0
102790493	0
102790544	0
102790905	0
102791064	0
102791143	0
102801862	0
102802069	0
102802132	0
102802152	0
102803020	0
102803075	0
102804991	0
102814184	0
102815022	0
102815030	0
102816534	0
102816535	0
102816539	0
102820194	0
102822894	0
102824252	0
102825209	0
102830588	0
102830606	0
102836978	0
102837156	0
102837172	0
102837175	0
102837178	0
102837215	0
102837713	0
102839386	0
102840009	0
102842295	0
102847504	0
102848455	0
102848643	0
102848670	0
102848803	0
102848812	0
102861313	0
102861333	0
102861373	0
102865685	0
102865686	0
102865688	0
102865689	0
102865744	0
102866834	0
102866847	0
102866870	0
102866959	0
102867044	0
102868839	0
102869332	0
102873045	0
102873855	0
102874413	0
102878008	0
102881379	0
102881398	0
102881439	0
102881464	0
102882722	0
102882723	0
102882724	0
102882897	0
102882911	0
102897354	0
102897457	0
102897459	0
102897511	0
102897512	0
102907307	0
102931709	0
102931779	0
102931797	0
102931803	0
11336571	119.5
11336588	119.5
11336589	116.9
11336974	117.4
11892820	103
11892824	92.5
11892828	89.3
11892829	92.5
11895026	92.5
11895027	89.3
12019953	103
12024877	105
12024880	105
12024882	105
12025577	105
12067741	103
12067742	89.3
12067743	92.5
12070243	114.3
12071910	108.3
12072358	109
12096441	103
12096443	103
12128440	107.5
12128542	107.5
12128543	93.6
12133669	107.5
132970	139
1654163	76.1
1658262	76.1
102095058	200
102095059	200
102095102	200
102110773	165
102110777	165
102113435	165
102259436	165
102259439	165
102422956	85
102423001	85
102663979	150
102664006	150
102664052	150
102664053	150
102664054	150
102664055	150
102664056	150
102664057	150
102664059	150
102664060	150
102664070	150
102780201	150
12123763	111.3
5100828	90.5
5105684	111.3
5105685	108
5105686	108
5114102	122.5
5114103	122.5
5114613	95.5
5118914	111.3
5181148	95.5
5181149	95.5
12050505	119.5
5118497	134.5
11629275	100
11629278	100
12022931	108.5
12022935	108.5
12022936	108.5
12022938	108.5
12022989	108.5
12023459	122.5
12024028	104.5
12024029	124.5
12031872	118.1
12032105	118.1
12032107	118.1
12032108	118.1
12032109	118.1
12032166	113.5
12032392	118.1
12032393	118.1
12032394	118.1
12032395	118.1
12032396	118.1
12032582	118.1
12034158	148.3
12034213	148.3
12034214	148.3
12034215	148.3
12034217	148.3
12034298	148.3
12035143	110.5
12035144	110.5
12038130	122.5
12038131	122.5
12038143	122.5
12038146	122.5
12038147	122.5
12039172	110.5
12039175	110.5
12039178	110.5
12039182	110.5
12039304	110.5
12045726	110.5
12045727	94.5
12045728	122.5
12047896	122.5
12047910	110.5
12047911	110.5
12047912	110.5
12047913	110.5
12047925	113.5
12047929	113.5
12047940	113.5
12047941	113.5
12048258	122.5
12051401	99.1
12051630	114.5
12053617	122.5
12053622	113.5
12053623	113.5
12053624	113.5
12053625	113.5
12053642	122.5
12053767	113.5
12053768	122.5
12061096	113.9
12061097	113.9
12061098	113.9
12061099	113.9
12065708	107.3
12065833	118.1
12065834	118.1
12065872	118.1
12065873	118.1
12065874	118.1
12065875	118.1
12066093	94.5
12066095	94.5
12066151	94.5
12066152	94.5
12066153	94.5
12066154	94.5
12066156	94.5
12066158	94.5
12066159	94.5
12066943	118.1
12068063	108.5
12069380	110.5
12071406	148.3
12071407	148.3
12071490	148.3
12071495	148.3
12071498	148.3
12071501	148.3
12071503	148.3
12072249	118.1
12078939	99.1
12078947	99.1
12078949	99.1
12078950	99.1
12080535	118.1
12081215	122.5
12081216	110.5
12081247	94.5
12084294	113.9
12084308	113.9
12084309	113.9
12084315	113.9
12084317	113.9
12084318	113.9
12084319	113.9
12084320	113.9
12084321	113.9
12084330	113.9
12084331	113.9
12085081	113.9
12085100	113.9
12085101	113.9
12085148	113.9
12085226	118.1
12085277	118.1
12089370	102.5
12089371	102.5
12089426	107.3
12089427	107.3
12089716	118.1
12089749	118.1
12089750	118.1
12097634	107.3
12097809	148.3
12097827	148.3
12097872	148.3
12097873	148.3
12097874	148.3
12097882	148.3
12101219	117.6
12102236	117.6
12102279	117.6
12102292	117.6
12102300	117.6
12102302	117.6
12102303	117.6
12102306	117.6
12102307	117.6
12102308	117.6
12102309	117.6
12102310	117.6
12102401	106.5
12106038	124
12106063	124
12106064	124
12106083	124
12106084	124
12106090	124
12106151	124
12108672	117.6
12109423	118.1
12109424	118.1
12109440	118.1
12109466	113.9
12109467	113.9
12109468	113.9
12109474	113.9
12109500	118.1
12109902	114.5
12111550	110.5
12111551	110.5
12111552	122.5
12111781	122.5
12113366	122.5
12113367	122.5
12113368	110.5
12113369	110.5
12114079	113.9
12114150	113.9
12114151	113.9
12114152	113.9
12114153	113.9
12114154	113.9
12115710	102.5
12115711	102.5
12115816	102.5
12115819	106.5
12115820	106.5
12115821	106.5
12115822	106.5
12116832	106.5
12118694	110.5
12118695	122.5
12119243	124.5
12121263	113.9
12121264	111
12123541	110.5
12123542	113.5
12123730	113.5
12123731	113.5
12123732	113.5
12123733	113.5
12124548	124.5
12124590	94.5
12124591	122.5
12124610	104.5
12127234	115
12127235	115
12127263	115
12127264	115
12127280	112
12129231	179.5
12129435	179.5
12129437	179.5
12130302	124
12130303	124
12130304	124
12130919	118.1
12131793	112
12131794	112
12131797	112
12136217	111
12136219	111
12137274	108.5
12137372	108.5
12138263	122.5
12141413	102.5
12141414	106.5
12142099	86.5
12142150	86.5
12142151	86.5
12142153	86.5
12142154	86.5
12142155	86.5
12142243	86.5
12142934	113.5
12143301	113.9
12143302	113.9
12143303	113.9
12143306	113.9
12143314	113.9
12143315	113.9
12147057	122.5
12147058	122.5
12147059	122.5
12147110	122.5
12148071	114.5
12148079	107.3
12148110	107.3
12148111	107.3
12148341	114.5
12148342	114.5
12148347	114.5
12148349	114.5
12148370	114.5
12148884	107.3
12148885	107.3
12150595	122.5
12152494	96.1
12152558	96.1
12152606	96.1
12152607	96.1
12152610	96.1
12152611	96.1
12152612	96.1
12152613	96.1
12154728	106.5
12156220	122.5
12156513	112
12161208	116.5
12161233	114.5
12161234	114.5
12161235	116.5
12161236	116.5
12161266	96.1
12161280	96.1
12161281	96.1
12161282	96.1
12161283	96.1
12161311	96.1
12161312	96.1
12162228	97.5
12162567	108.5
12162850	108.5
12162851	108.5
12163681	122.5
12163758	94.5
12166555	114.5
12166556	114.5
12169046	99.1
12171004	96.5
12171005	104.5
12171006	104.5
12171007	104.5
12171425	122.5
12171446	118
12171545	122.5
12171546	122.5
12171548	114.5
12171693	122.5
12171695	122.5
12171842	114.5
12171883	94.5
12171884	94.5
12171886	118
12171887	118
12171888	118
12171889	118
12171890	118
12171891	118
12171895	94.5
12171995	118.1
12171996	118.1
12171997	118.1
12171999	122.5
12172031	122.5
12172034	122.5
12172040	94.5
12172041	122.5
12172062	114.5
12172066	114.5
12172067	114.5
12172069	114.5
12172081	114.5
12172082	122.5
12172132	118
12172261	113.9
12172497	113.9
12172597	113.9
12173423	113.9
12181867	102.5
12182232	118.1
12182233	113.9
12182234	113.9
12182548	118.1
12182549	118.1
12182677	54.5
12186796	113.9
12186892	113.9
12186903	113.9
12187795	114.5
12188418	113.9
12188718	107
12188719	107
12188730	107
12188731	107
12189328	113.9
12189507	113.9
12189508	113.9
12189509	113.9
12189532	113.9
12190026	94.5
12190027	94.5
12190028	94.5
12190431	112
12190432	112
12190605	112
12191506	115
12191507	115
12191508	115
12191567	115
12191568	115
12191688	113.5
12191736	113.5
12191754	113.5
12191756	113.5
12194452	113.9
12194459	113.9
12194463	113.9
12194471	113.9
12194472	113.9
12194473	113.9
12194480	113.9
12194481	113.9
12194482	113.9
12194565	113.9
12199426	111
12202406	99.1
12202407	99.1
12203578	114.4
12204415	114.5
12204490	107.3
12212212	123
12212232	123
12212269	123
12212272	96.1
12212308	113.5
12212334	122.5
12212371	123
12215233	113.9
12215249	118.1
12215290	113.9
12215788	111
12216156	113.5
12217620	112
12218058	105
12218134	105
12220024	113.9
12220054	113.9
12220055	113.9
12220073	113.9
12220749	123
12220879	123
12220882	123
12220890	123
12222027	107
12222133	107
12222134	107
5100173	124.5
5100179	122.5
5100270	108.1
5100274	108.1
5100276	108.1
5100279	108.1
5100281	108.1
5100407	148.3
5100408	148.3
5100409	148.3
5100410	148.3
5100418	148.3
5100424	148.3
5100426	148.3
5100429	148.3
5100430	148.3
5100466	148.3
5100513	110.5
5100575	148.3
5100576	148.3
5100577	148.3
5100578	148.3
5100605	122.5
5100607	148.3
5100623	118.1
5100624	118.1
5100625	118.1
5100627	118.1
5100659	122.5
5100660	122.5
5100661	122.5
5100662	112.5
5100664	108.5
5100665	108.5
5100666	108.5
5100667	108.5
5100668	108.5
5100702	108.1
5100717	152.5
5100762	160.5
5100763	160.5
5100764	160.5
5100765	160.5
5100766	160.5
5100767	160.5
5101993	103.3
5101997	103.3
5102006	103.3
5102016	103.3
5102023	103.3
5103394	118.1
5103395	118.1
5104653	124
5104824	103.3
5105103	103.3
5106001	118.1
5106005	118.1
5106636	114.5
5106696	121.7
5106698	121.7
5106704	114.5
5106705	114.5
5106706	114.5
5110359	118.1
5110654	110.5
5110655	110.5
5110657	122.5
5110658	122.5
5113910	102.5
5113922	123.4
5113927	102.5
5113948	110.5
5113949	110.5
5113950	110.5
5113951	110.5
5113952	113.5
5113953	113.5
5113954	113.5
5113955	113.5
5114154	85
5114157	85
5114158	85
5114161	85
5114300	110.5
5114301	110.5
5114307	110.5
5114308	110.5
5114309	110.5
5114310	110.5
5114311	110.5
5114312	110.5
5114318	113.5
5114322	113.5
5114323	113.5
5114324	113.5
5114325	113.5
5114326	113.5
5114368	94.5
5114371	124.5
5114376	124.5
5114378	124.5
5114380	124.5
5114383	94.5
5114385	94.5
5114386	94.5
5114387	94.5
5114388	94.5
5114453	122.5
5114454	122.5
5114520	124.5
5114521	124.5
5114961	96.5
5114963	104.5
5115218	122.5
5115219	122.5
5115220	122.5
5115221	122.5
5115222	122.5
5115223	122.5
5115224	122.5
5115225	122.5
5115226	122.5
5115476	112.5
5115477	112.5
5115478	107.3
5115480	107.3
5115536	152.5
5115890	118.1
5116749	124.5
5116752	94.5
5116753	122.5
5116756	96.5
5116758	122.5
5116886	118.1
5117000	123.3
5117367	99.1
5117369	99.1
5117373	99.1
5117569	118
5117778	112.6
5118320	110.5
5118321	110.5
5118322	110.5
5118323	110.5
5118324	110.5
5118325	110.5
5118337	110.5
5118338	110.5
5118342	113.5
5118343	113.5
5118344	113.5
5118345	113.5
5118347	113.5
5118348	113.5
5118350	122.5
5118351	122.5
5118352	122.5
5118353	118
5118969	94.5
5118970	96.5
5118971	122.5
5118972	124.5
5119227	121.7
5119228	114.5
5119291	107.3
5119432	113.5
5119458	102.5
5119459	108.5
5119650	110.5
5119653	122.5
5119655	110.5
5119658	122.5
5119660	110.5
5119663	122.5
5119665	110.5
5119668	122.5
5119670	110.5
5119671	94.5
5119673	122.5
5119675	110.5
5119676	94.5
5119678	122.5
5119680	110.5
5119681	94.5
5119683	122.5
5119685	110.5
5119688	122.5
5119786	148.3
5119791	148.3
5119796	148.3
5119801	148.3
5119806	148.3
5119807	148.3
5120174	108.5
5120177	108.5
5120180	108.5
5120182	108.5
5120283	122.5
5120308	114.5
5120396	108.5
5120418	102.5
5120425	102.5
5120507	114.5
5120508	114.5
5120509	114.5
5120617	94.5
5120618	94.5
5120619	94.5
5120622	96.5
5120624	96.5
5120625	124.5
5120626	124.5
5120627	124.5
5120628	122.5
5120629	122.5
5120640	99.1
5120650	99.1
5120651	99.1
5120653	99.1
5120655	99.1
5120656	99.1
5120729	107.3
5120731	92.5
5121028	116.7
5121029	116.7
5121030	113.9
5121031	116.7
5121032	116.7
5121033	116.7
5121050	116.7
5121052	116.7
5121053	116.7
5121055	116.7
5121056	116.7
5121057	116.7
5121091	110.5
5121140	121.7
5121142	114.5
5121572	92.5
5121830	112.5
5122046	108.5
5194362	119.5
5194364	119.5
5194365	119.5
5194366	119.5
5194368	119.5
12072063	122.5
12076659	99.1
12190603	112
12190604	112
5100442	110.5
5100444	113.5
5100445	113.5
5100454	110.5
5100507	110.5
5100508	110.5
5100524	113.5
5100540	110.5
5100543	113.5
5100603	122.5
5100604	122.5
5102767	112.6
5104651	124
5119433	113.5
5119434	113.5
5119438	113.5
5119758	110.5
5119778	110.5
5119781	110.5
5119782	110.5
5119959	122.5
5194367	119.5
12028333	102.5
5100411	148.3
5100412	148.3
5100413	139.1
5100414	139.1
5100467	148.3
5100477	114.5
5100481	124
5100483	122.5
5100488	124
5100492	124
5100493	114.5
5100609	114.5
5100610	124
5100613	122.5
5115124	139.1
12009135	124
12009176	114.5
12025971	139.1
12028332	102.5
12028335	102.5
12028336	96.5
12028337	96.5
12028338	96.5
12028381	102.5
12028382	102.5
12028383	102.5
12028384	96.5
12028386	96.5
12028438	96.5
12028439	96.5
12028441	104.5
12028465	104.5
12029079	122.5
12029149	96.5
12029212	122.5
12029214	122.5
12029215	122.5
12029217	98.5
12029219	98.5
12029221	98.5
12029223	98.5
12029225	98.5
12031826	98.5
12031976	98.5
12031984	122.5
12031986	98.5
12032120	122.5
12033519	98.5
12033988	124
12034153	124
12034292	122.5
12034293	122.5
12036726	98.5
12036727	98.5
12045368	114.5
12045369	124
12045392	122.5
12045394	124
12045622	122.5
12058563	124
12058564	124
12058565	124
12059474	122.5
12059475	122.5
12059476	122.5
12059477	124
12059478	124
12059479	124
12059550	124
12059551	122.5
12059552	122.5
12059553	112.5
12059554	122.5
12067946	148.3
12067965	139.1
12067969	139.1
12067970	139.1
12067971	139.1
12090722	103.7
12090723	103.7
12090724	103.7
12092786	122.5
12093747	124
12093826	124
12093851	124
12095830	104.5
12111660	124.5
12111661	124.5
12111662	124.5
12111664	124.5
12112560	123
12112563	123
12112665	123
12112672	123
12112673	112.5
12112674	123
12112675	123
12115832	122.5
12115833	122.5
12115834	122.5
12115835	122.5
12115836	122.5
12115837	122.5
12115838	122.5
12115850	124
12115851	124
12115852	124
12115853	124
12115854	124
12115855	124
12115856	124
12117176	118.5
12117177	118.5
12117218	118.5
12117529	96.5
12117531	118.5
12117533	118.5
12117534	118.5
12117539	118.5
12117658	118.5
12117659	118.5
12123002	112.5
12123031	122.5
12123032	112.5
12123227	122.5
12127236	105
12127237	105
12127238	105
12131047	110.5
12131048	116
12131061	116
12131062	116
12131064	116
12131117	116
12131177	114.5
12131178	114.5
12131179	114.5
12131180	114.5
12132614	103.7
12139872	114.5
12139873	114.5
12139874	124
12139875	124
12139876	122.5
12139877	122.5
12148371	119
12148393	119
12148394	119
12148395	119
12148431	119
12148433	119
12148435	119
12148437	119
12148447	122.5
12148450	122.5
12148451	122.5
12150099	96.5
12150113	118.5
12150119	116
12150131	123
12150289	102.5
12150303	96.5
12150307	96.5
12150313	96.5
12150337	102.5
12150381	96.5
12150383	104.5
12150387	104.5
12150389	96.5
12150395	96.5
12150396	96.5
12150397	104.5
12150400	124.5
12150401	124.5
12150404	124.5
12150405	124.5
12150495	102.5
12150496	102.5
12150501	123
12150502	123
12150503	113.5
12150511	123
12150513	123
12150552	123
12150562	118.5
12150564	118.5
12150592	116
12150783	116
12150838	116
12150842	118.5
12150846	118.5
12150848	118.5
12150856	102.5
12150859	116
12150862	118.5
12150864	118.5
12150928	102.5
12150929	102.5
12150940	102.5
12151002	118.5
12151004	112.5
12151376	110.5
12152259	102.5
12152399	96.5
12152426	102.5
12152428	124.5
12152524	96.5
12152526	102.5
12152596	96.5
12152740	96.5
12152742	124.5
12152744	102.5
12152760	123
12152842	124.5
12152864	96.5
12152865	102.5
12152977	124.5
12158197	119
12158198	119
12158199	119
12158208	123
12158210	119
12158211	119
12158212	119
12158213	119
12158216	123
12158253	123
12162483	108
12165145	140
12173233	123
12173414	118
12173416	118
12176333	118
12176334	98.5
12176335	123
12182684	54.5
12186107	96.5
12186108	96.5
12186109	104.5
12186110	96.5
12186295	124.5
12186296	124.5
12186941	124.5
12186962	96.5
12186980	96.5
12186981	96.5
12186982	96.5
12186983	124.5
12187227	124
12187228	124
12189982	94.5
12189983	94.5
12189984	94.5
12190418	105
12190430	105
12194359	96.5
12194460	102.5
12194461	124.5
12202610	123
12202611	123
12202612	98.5
12202613	98.5
12202614	118
12202615	118
12202732	123
12202801	123
12202802	123
12208814	123
12208851	123
12208852	123
12208855	123
12208870	123
12208872	123
12208877	123
12208878	123
12208982	123
12208983	123
12215055	122.5
12215056	122.5
12215057	112.5
12215058	112.5
12215789	97.5
12220146	111
5100121	175.3
5100122	84.5
5100123	124.5
5100124	122.5
5100127	122.5
5100132	122.5
5100133	98.5
5100135	175.3
5100136	94.5
5100138	122.5
5100139	98.5
5100143	124.5
5100146	96.5
5100148	122.5
5100150	175.3
5100151	96.5
5100153	122.5
5100156	96.5
5100158	122.5
5100160	175.3
5100161	96.5
5100163	122.5
5100165	175.3
5100166	104.5
5100168	109
5100198	98.5
5100199	98.5
5100282	98.5
5100390	124
5100485	114.5
5100490	122.5
5100491	122.5
5100551	148.3
5100555	139.1
5100557	139.1
5100558	139.1
5100566	139.1
5100567	139.1
5100592	122.5
5100593	122.5
5100594	122.5
5100595	122.5
5100597	124
5100599	124
5100600	124
5100608	114.5
5100611	124
5100612	122.5
5100686	175.3
5100698	127
5100699	92.5
5106652	105.7
5106653	105.7
5106699	105.7
5106700	105.7
5106701	105.7
5106702	105.7
5106703	105.7
5106791	119.5
5106797	122.5
5106827	98.5
5110457	148.3
5110482	139.1
5110656	124
5110821	122.5
5111159	118
5112180	122.5
5113723	122.5
5114178	104.5
5114197	122.5
5114198	122.5
5114202	114.5
5114203	114.5
5114211	124
5114212	124
5114440	104.5
5114441	96.5
5114442	104.5
5114443	96.5
5114444	104.6
5114445	96.5
5114446	104.5
5114447	96.5
5114448	97.3
5114450	96.5
5114616	114.5
5114617	114.5
5114621	124
5114622	124
5114624	124
5114625	104.5
5114664	122.5
5114665	122.5
5114666	122.5
5114667	122.5
5114670	114.5
5114692	102.5
5114694	102.5
5114695	102.5
5114696	102.5
5114697	102.5
5114699	102.5
5114700	102.5
5114701	102.5
5114702	102.5
5114740	122.5
5114741	122.5
5114742	122.5
5114743	124.2
5114744	122.5
5114745	122.5
5114746	122.5
5114934	104.5
5116760	122.5
5116761	98.5
5116850	96.5
5116851	102.5
5116858	122.5
5116860	124.5
5116861	96.5
5116864	122.5
5116866	96.5
5116909	110.5
5116910	110.5
5116913	112.5
5116914	112.5
5117320	104.1
5117363	104.1
5117371	104.1
5117375	104.1
5117669	118
5118080	122.5
5118081	105.7
5118372	122.5
5118373	122.5
5118374	122.5
5118375	122.5
5118376	118
5118379	124
5118380	124
5118383	114.5
5118384	114.5
5119894	122.5
5119895	102.5
5119896	96.5
5119945	102.5
5119947	102.5
5119948	102.5
5119949	96.5
5119951	104.5
5119952	96.5
5119958	122.5
5119960	98.5
5119962	98.5
5120119	98.5
5120121	104.5
5120123	122.5
5120487	122.5
5120502	105.7
5120503	105.7
5120504	105.7
5120505	105.7
5120506	105.7
5120610	98.5
5120612	98.5
5120613	98.5
5120616	98.5
5120744	122.5
5120745	122.5
5120820	104.1
5120823	104.1
5120826	104.1
5121137	122.5
5121139	105.7
5121789	104.5
5121791	122.5
5121792	98.5
5122024	110.5
102584209	0
102732709	0
102944076	0
102944119	0
102944166	0
102944204	0
102944205	0
102944280	0
102400191	45
102596570	0
102650539	1
102724310	0
102728007	0
102728042	0
102823652	0
102944285	0
102790483	0
102086552	0
102340909	0
102373007	0
102420609	0
102420721	0
102425184	0
12004515	174.5
12004516	174.5
12004518	174.5
12004519	174.5
12004548	174.5
12004549	174.5
12004550	174.5
12004551	174.5
12004552	174.5
12004554	174.5
12004555	174.5
12004556	174.5
12004557	174.5
12004560	174.5
12004561	174.5
12004562	174.5
12004563	174.5
12004564	174.5
12004565	174.5
12004566	174.5
12004567	174.5
12004570	174.5
12004577	174.5
12004579	174.5
12004580	174.5
12004591	174.5
12004603	174.5
12004746	174.5
12004756	174.5
12004757	174.5
12004758	174.5
12005350	174.5
12012600	174.5
12012677	174.5
12013495	174.5
12029183	174.5
12030150	174.5
12034030	174.5
12046313	169
12081628	174.5
12081640	175.2
12107506	169
12136775	169
12136784	169
12137010	169
12137013	169
12141254	169
12141256	169
12141257	169
12169808	169
12169809	169
12169821	169
12169822	169
12177158	177.9
12177159	177.9
12177191	177.9
12177193	177.9
12177492	177.9
12177494	177.9
12204971	169
12204972	169
12206249	173.4
12206250	183.6
487053	155
12012304	173.6
12012305	173.6
12012308	173.6
12012313	173.6
12012319	173.6
12034094	173.6
12034986	173.6
12081272	173.6
12081966	174.3
12082031	173.6
12082288	174.3
12082386	174.3
12107591	173.6
12142194	173.6
12169839	173.6
12213643	173.6
101725119	0
102394426	0
102423434	0
12012320	178.8
12012603	178.8
12012604	178.8
12012605	178.8
12012606	178.8
12012639	178.8
12012736	178.8
12012737	178.8
12012739	178.8
12012760	178.8
12012761	178.8
12012762	178.8
12012763	178.8
12012937	178.8
12034091	178.8
12034092	178.8
12050840	178.8
12052808	175.5
12063811	175.5
12063812	175.5
12063813	175.5
12081270	174.6
12082153	175.5
12082382	178.8
12107559	177.4
12107590	177.4
12107597	177.4
12107603	177.4
12107622	177.4
12107742	175.5
12107745	175.5
12107748	167.6
12135043	177.4
12135046	175.5
12135047	175.5
12135062	177.4
12135063	177.4
12137974	177.4
12137978	177.4
12137979	177.4
12139538	177.4
12167297	142.5
12169811	177.4
12169814	177.4
12169816	177.4
12169819	177.4
12169831	177.4
12169833	175.5
12169837	177.4
12169838	173.6
12170140	177.4
12181619	163
12204563	177.4
12204564	177.4
12204566	177.4
12204567	177.4
